2.570000000000000000e+02 1.980000000000000000e+02 3.690000000000000000e+02 3.330000000000000000e+02 3.820000290870666504e-01
2.570000000000000000e+02 1.980000000000000000e+02 3.690000000000000000e+02 3.330000000000000000e+02 3.830000162124633789e-01
2.540000000000000000e+02 1.950000000000000000e+02 3.710000000000000000e+02 3.350000000000000000e+02 3.840000033378601074e-01
2.520000000000000000e+02 1.910000000000000000e+02 3.760000000000000000e+02 3.400000000000000000e+02 3.830000162124633789e-01
2.500000000000000000e+02 1.880000000000000000e+02 3.790000000000000000e+02 3.430000000000000000e+02 3.870000243186950684e-01
2.510000000000000000e+02 1.890000000000000000e+02 3.800000000000000000e+02 3.440000000000000000e+02 3.840000033378601074e-01
2.490000000000000000e+02 1.880000000000000000e+02 3.810000000000000000e+02 3.460000000000000000e+02 3.850000202655792236e-01
2.460000000000000000e+02 1.860000000000000000e+02 3.830000000000000000e+02 3.500000000000000000e+02 3.840000033378601074e-01
2.460000000000000000e+02 1.850000000000000000e+02 3.830000000000000000e+02 3.490000000000000000e+02 3.860000073909759521e-01
2.450000000000000000e+02 1.830000000000000000e+02 3.850000000000000000e+02 3.500000000000000000e+02 3.850000202655792236e-01
2.470000000000000000e+02 1.850000000000000000e+02 3.840000000000000000e+02 3.490000000000000000e+02 3.860000073909759521e-01
2.460000000000000000e+02 1.820000000000000000e+02 3.860000000000000000e+02 3.490000000000000000e+02 3.850000202655792236e-01
2.490000000000000000e+02 1.830000000000000000e+02 3.860000000000000000e+02 3.470000000000000000e+02 0.000000000000000000e+00
2.440000000000000000e+02 1.780000000000000000e+02 3.870000000000000000e+02 3.490000000000000000e+02 3.780000209808349609e-01
2.430000000000000000e+02 1.740000000000000000e+02 3.880000000000000000e+02 3.480000000000000000e+02 3.780000209808349609e-01
2.400000000000000000e+02 1.720000000000000000e+02 3.880000000000000000e+02 3.500000000000000000e+02 3.640000224113464355e-01
2.410000000000000000e+02 1.750000000000000000e+02 3.840000000000000000e+02 3.460000000000000000e+02 3.670000135898590088e-01
2.390000000000000000e+02 1.710000000000000000e+02 3.840000000000000000e+02 3.450000000000000000e+02 3.660000264644622803e-01
2.400000000000000000e+02 1.730000000000000000e+02 3.830000000000000000e+02 3.440000000000000000e+02 3.620000183582305908e-01
2.390000000000000000e+02 1.750000000000000000e+02 3.820000000000000000e+02 3.460000000000000000e+02 3.620000183582305908e-01
2.380000000000000000e+02 1.770000000000000000e+02 3.810000000000000000e+02 3.480000000000000000e+02 3.630000054836273193e-01
2.390000000000000000e+02 1.790000000000000000e+02 3.790000000000000000e+02 3.460000000000000000e+02 3.670000135898590088e-01
2.400000000000000000e+02 1.800000000000000000e+02 3.800000000000000000e+02 3.470000000000000000e+02 0.000000000000000000e+00
2.420000000000000000e+02 1.800000000000000000e+02 3.820000000000000000e+02 3.470000000000000000e+02 3.730000257492065430e-01
2.440000000000000000e+02 1.810000000000000000e+02 3.840000000000000000e+02 3.480000000000000000e+02 0.000000000000000000e+00
2.450000000000000000e+02 1.800000000000000000e+02 3.880000000000000000e+02 3.510000000000000000e+02 3.880000114440917969e-01
2.490000000000000000e+02 1.810000000000000000e+02 3.890000000000000000e+02 3.480000000000000000e+02 4.040000140666961670e-01
2.530000000000000000e+02 1.850000000000000000e+02 3.870000000000000000e+02 3.460000000000000000e+02 4.050000309944152832e-01
2.560000000000000000e+02 1.870000000000000000e+02 3.880000000000000000e+02 3.450000000000000000e+02 4.120000302791595459e-01
2.590000000000000000e+02 1.900000000000000000e+02 3.880000000000000000e+02 3.450000000000000000e+02 4.270000159740447998e-01
2.630000000000000000e+02 1.910000000000000000e+02 3.900000000000000000e+02 3.430000000000000000e+02 4.230000078678131104e-01
2.650000000000000000e+02 1.930000000000000000e+02 3.890000000000000000e+02 3.420000000000000000e+02 4.260000288486480713e-01
2.680000000000000000e+02 1.950000000000000000e+02 3.900000000000000000e+02 3.410000000000000000e+02 4.240000247955322266e-01
2.710000000000000000e+02 1.970000000000000000e+02 3.880000000000000000e+02 3.370000000000000000e+02 4.250000119209289551e-01
2.710000000000000000e+02 1.970000000000000000e+02 3.880000000000000000e+02 3.370000000000000000e+02 4.250000119209289551e-01
2.730000000000000000e+02 1.980000000000000000e+02 3.880000000000000000e+02 3.350000000000000000e+02 4.240000247955322266e-01
2.720000000000000000e+02 1.980000000000000000e+02 3.870000000000000000e+02 3.350000000000000000e+02 4.250000119209289551e-01
2.700000000000000000e+02 1.970000000000000000e+02 3.870000000000000000e+02 3.370000000000000000e+02 4.270000159740447998e-01
2.690000000000000000e+02 1.950000000000000000e+02 3.880000000000000000e+02 3.380000000000000000e+02 4.250000119209289551e-01
2.700000000000000000e+02 1.960000000000000000e+02 3.870000000000000000e+02 3.360000000000000000e+02 4.260000288486480713e-01
2.680000000000000000e+02 1.940000000000000000e+02 3.870000000000000000e+02 3.370000000000000000e+02 4.260000288486480713e-01
2.670000000000000000e+02 1.940000000000000000e+02 3.860000000000000000e+02 3.370000000000000000e+02 4.270000159740447998e-01
2.660000000000000000e+02 1.920000000000000000e+02 3.880000000000000000e+02 3.380000000000000000e+02 4.260000288486480713e-01
2.660000000000000000e+02 1.920000000000000000e+02 3.880000000000000000e+02 3.380000000000000000e+02 4.250000119209289551e-01
2.670000000000000000e+02 1.930000000000000000e+02 3.860000000000000000e+02 3.360000000000000000e+02 4.260000288486480713e-01
2.670000000000000000e+02 1.940000000000000000e+02 3.860000000000000000e+02 3.370000000000000000e+02 4.250000119209289551e-01
2.680000000000000000e+02 1.930000000000000000e+02 3.870000000000000000e+02 3.360000000000000000e+02 4.240000247955322266e-01
2.670000000000000000e+02 1.930000000000000000e+02 3.860000000000000000e+02 3.360000000000000000e+02 4.240000247955322266e-01
2.660000000000000000e+02 1.920000000000000000e+02 3.880000000000000000e+02 3.380000000000000000e+02 4.280000329017639160e-01
2.680000000000000000e+02 1.930000000000000000e+02 3.870000000000000000e+02 3.360000000000000000e+02 4.270000159740447998e-01
2.660000000000000000e+02 1.940000000000000000e+02 3.850000000000000000e+02 3.370000000000000000e+02 4.270000159740447998e-01
2.650000000000000000e+02 1.950000000000000000e+02 3.840000000000000000e+02 3.380000000000000000e+02 4.270000159740447998e-01
2.640000000000000000e+02 1.970000000000000000e+02 3.830000000000000000e+02 3.400000000000000000e+02 4.230000078678131104e-01
2.640000000000000000e+02 1.980000000000000000e+02 3.810000000000000000e+02 3.380000000000000000e+02 4.250000119209289551e-01
2.640000000000000000e+02 1.990000000000000000e+02 3.810000000000000000e+02 3.390000000000000000e+02 4.250000119209289551e-01
2.630000000000000000e+02 1.980000000000000000e+02 3.820000000000000000e+02 3.410000000000000000e+02 4.240000247955322266e-01
2.630000000000000000e+02 1.980000000000000000e+02 3.820000000000000000e+02 3.410000000000000000e+02 4.250000119209289551e-01
2.630000000000000000e+02 1.990000000000000000e+02 3.800000000000000000e+02 3.390000000000000000e+02 4.250000119209289551e-01
2.630000000000000000e+02 2.010000000000000000e+02 3.780000000000000000e+02 3.380000000000000000e+02 0.000000000000000000e+00
2.630000000000000000e+02 2.020000000000000000e+02 3.780000000000000000e+02 3.390000000000000000e+02 4.240000247955322266e-01
2.640000000000000000e+02 2.050000000000000000e+02 3.740000000000000000e+02 3.370000000000000000e+02 0.000000000000000000e+00
2.620000000000000000e+02 2.050000000000000000e+02 3.740000000000000000e+02 3.400000000000000000e+02 4.130000174045562744e-01
2.630000000000000000e+02 2.070000000000000000e+02 3.730000000000000000e+02 3.390000000000000000e+02 4.100000262260437012e-01
2.610000000000000000e+02 2.060000000000000000e+02 3.730000000000000000e+02 3.410000000000000000e+02 4.090000092983245850e-01
2.610000000000000000e+02 2.060000000000000000e+02 3.730000000000000000e+02 3.410000000000000000e+02 4.080000221729278564e-01
2.600000000000000000e+02 2.030000000000000000e+02 3.750000000000000000e+02 3.400000000000000000e+02 4.060000181198120117e-01
2.620000000000000000e+02 2.040000000000000000e+02 3.740000000000000000e+02 3.390000000000000000e+02 4.040000140666961670e-01
2.720000000000000000e+02 2.110000000000000000e+02 3.840000000000000000e+02 3.460000000000000000e+02 4.060000181198120117e-01
3.330000000000000000e+02 1.200000000000000000e+01 4.520000000000000000e+02 2.440000000000000000e+02 1.322000026702880859e+00
2.710000000000000000e+02 2.100000000000000000e+02 3.860000000000000000e+02 3.470000000000000000e+02 4.060000181198120117e-01
3.320000000000000000e+02 1.300000000000000000e+01 4.510000000000000000e+02 2.450000000000000000e+02 1.328000068664550781e+00
2.760000000000000000e+02 2.080000000000000000e+02 3.910000000000000000e+02 3.450000000000000000e+02 0.000000000000000000e+00
3.320000000000000000e+02 1.300000000000000000e+01 4.510000000000000000e+02 2.450000000000000000e+02 1.316000103950500488e+00
2.750000000000000000e+02 2.070000000000000000e+02 3.900000000000000000e+02 3.440000000000000000e+02 4.110000133514404297e-01
3.330000000000000000e+02 1.100000000000000000e+01 4.520000000000000000e+02 2.430000000000000000e+02 1.336000084877014160e+00
2.740000000000000000e+02 2.040000000000000000e+02 3.930000000000000000e+02 3.470000000000000000e+02 4.100000262260437012e-01
3.330000000000000000e+02 1.100000000000000000e+01 4.520000000000000000e+02 2.430000000000000000e+02 1.339000105857849121e+00
2.740000000000000000e+02 2.030000000000000000e+02 3.930000000000000000e+02 3.460000000000000000e+02 4.030000269412994385e-01
3.340000000000000000e+02 1.300000000000000000e+01 4.510000000000000000e+02 2.400000000000000000e+02 1.319000005722045898e+00
2.760000000000000000e+02 2.020000000000000000e+02 3.950000000000000000e+02 3.450000000000000000e+02 0.000000000000000000e+00
3.340000000000000000e+02 1.000000000000000000e+01 4.530000000000000000e+02 2.420000000000000000e+02 1.328000068664550781e+00
2.750000000000000000e+02 2.020000000000000000e+02 3.940000000000000000e+02 3.450000000000000000e+02 4.070000052452087402e-01
3.330000000000000000e+02 8.000000000000000000e+00 4.540000000000000000e+02 2.450000000000000000e+02 1.330000042915344238e+00
2.770000000000000000e+02 2.050000000000000000e+02 3.920000000000000000e+02 3.420000000000000000e+02 4.090000092983245850e-01
3.350000000000000000e+02 1.200000000000000000e+01 4.540000000000000000e+02 2.440000000000000000e+02 1.328000068664550781e+00
2.750000000000000000e+02 2.060000000000000000e+02 3.920000000000000000e+02 3.460000000000000000e+02 0.000000000000000000e+00
3.370000000000000000e+02 1.300000000000000000e+01 4.540000000000000000e+02 2.400000000000000000e+02 1.348000049591064453e+00
2.790000000000000000e+02 2.110000000000000000e+02 3.890000000000000000e+02 3.430000000000000000e+02 4.250000119209289551e-01
3.350000000000000000e+02 1.100000000000000000e+01 4.560000000000000000e+02 2.480000000000000000e+02 1.354000091552734375e+00
2.800000000000000000e+02 2.110000000000000000e+02 3.970000000000000000e+02 3.510000000000000000e+02 4.330000281333923340e-01
3.350000000000000000e+02 9.000000000000000000e+00 4.590000000000000000e+02 2.500000000000000000e+02 1.351000070571899414e+00
2.830000000000000000e+02 2.150000000000000000e+02 3.950000000000000000e+02 3.500000000000000000e+02 4.360000193119049072e-01
3.380000000000000000e+02 1.200000000000000000e+01 4.590000000000000000e+02 2.490000000000000000e+02 1.342000007629394531e+00
2.870000000000000000e+02 2.150000000000000000e+02 3.990000000000000000e+02 3.500000000000000000e+02 4.450000226497650146e-01
3.350000000000000000e+02 8.000000000000000000e+00 4.610000000000000000e+02 2.540000000000000000e+02 1.360000014305114746e+00
2.850000000000000000e+02 2.110000000000000000e+02 4.020000000000000000e+02 3.510000000000000000e+02 4.410000145435333252e-01
3.370000000000000000e+02 4.000000000000000000e+00 4.660000000000000000e+02 2.550000000000000000e+02 1.351000070571899414e+00
2.810000000000000000e+02 2.070000000000000000e+02 4.000000000000000000e+02 3.500000000000000000e+02 4.290000200271606445e-01
3.400000000000000000e+02 8.000000000000000000e+00 4.640000000000000000e+02 2.490000000000000000e+02 1.348000049591064453e+00
2.760000000000000000e+02 2.020000000000000000e+02 4.000000000000000000e+02 3.510000000000000000e+02 4.250000119209289551e-01
3.420000000000000000e+02 1.100000000000000000e+01 4.630000000000000000e+02 2.480000000000000000e+02 1.366000056266784668e+00
2.730000000000000000e+02 1.980000000000000000e+02 3.970000000000000000e+02 3.470000000000000000e+02 4.060000181198120117e-01
3.420000000000000000e+02 1.000000000000000000e+01 4.630000000000000000e+02 2.470000000000000000e+02 1.381000041961669922e+00
2.720000000000000000e+02 1.950000000000000000e+02 3.940000000000000000e+02 3.410000000000000000e+02 0.000000000000000000e+00
3.450000000000000000e+02 1.400000000000000000e+01 4.620000000000000000e+02 2.410000000000000000e+02 1.369000077247619629e+00
2.720000000000000000e+02 1.910000000000000000e+02 3.910000000000000000e+02 3.340000000000000000e+02 3.600000143051147461e-01
3.480000000000000000e+02 1.900000000000000000e+01 4.600000000000000000e+02 2.380000000000000000e+02 1.369000077247619629e+00
2.720000000000000000e+02 1.880000000000000000e+02 3.890000000000000000e+02 3.280000000000000000e+02 0.000000000000000000e+00
3.470000000000000000e+02 1.600000000000000000e+01 4.610000000000000000e+02 2.390000000000000000e+02 1.366000056266784668e+00
2.720000000000000000e+02 1.750000000000000000e+02 3.960000000000000000e+02 3.240000000000000000e+02 0.000000000000000000e+00
3.470000000000000000e+02 1.600000000000000000e+01 4.610000000000000000e+02 2.390000000000000000e+02 1.372000098228454590e+00
2.890000000000000000e+02 1.760000000000000000e+02 4.130000000000000000e+02 3.250000000000000000e+02 1.432000041007995605e+00
3.460000000000000000e+02 1.500000000000000000e+01 4.630000000000000000e+02 2.420000000000000000e+02 1.375000119209289551e+00
3.020000000000000000e+02 1.730000000000000000e+02 4.260000000000000000e+02 3.220000000000000000e+02 1.406000018119812012e+00
3.470000000000000000e+02 1.700000000000000000e+01 4.640000000000000000e+02 2.440000000000000000e+02 1.375000119209289551e+00
3.120000000000000000e+02 1.760000000000000000e+02 4.360000000000000000e+02 3.250000000000000000e+02 0.000000000000000000e+00
3.470000000000000000e+02 1.700000000000000000e+01 4.640000000000000000e+02 2.440000000000000000e+02 1.378000020980834961e+00
3.240000000000000000e+02 1.800000000000000000e+02 4.480000000000000000e+02 3.290000000000000000e+02 8.500000238418579102e-01
3.460000000000000000e+02 1.500000000000000000e+01 4.650000000000000000e+02 2.470000000000000000e+02 1.369000077247619629e+00
3.340000000000000000e+02 1.870000000000000000e+02 4.580000000000000000e+02 3.360000000000000000e+02 0.000000000000000000e+00
3.470000000000000000e+02 1.800000000000000000e+01 4.640000000000000000e+02 2.450000000000000000e+02 1.378000020980834961e+00
3.350000000000000000e+02 1.910000000000000000e+02 4.590000000000000000e+02 3.400000000000000000e+02 6.120000481605529785e-01
3.480000000000000000e+02 1.700000000000000000e+01 4.650000000000000000e+02 2.440000000000000000e+02 1.378000020980834961e+00
3.120000000000000000e+02 1.910000000000000000e+02 4.410000000000000000e+02 3.460000000000000000e+02 8.410000205039978027e-01
3.480000000000000000e+02 1.500000000000000000e+01 4.670000000000000000e+02 2.470000000000000000e+02 1.381000041961669922e+00
2.950000000000000000e+02 1.880000000000000000e+02 4.240000000000000000e+02 3.430000000000000000e+02 8.680000305175781250e-01
3.500000000000000000e+02 1.900000000000000000e+01 4.670000000000000000e+02 2.460000000000000000e+02 1.384000062942504883e+00
2.740000000000000000e+02 1.840000000000000000e+02 4.110000000000000000e+02 3.480000000000000000e+02 0.000000000000000000e+00
3.510000000000000000e+02 1.900000000000000000e+01 4.680000000000000000e+02 2.460000000000000000e+02 1.384000062942504883e+00
2.600000000000000000e+02 1.860000000000000000e+02 3.970000000000000000e+02 3.500000000000000000e+02 0.000000000000000000e+00
3.520000000000000000e+02 1.800000000000000000e+01 4.690000000000000000e+02 2.450000000000000000e+02 1.384000062942504883e+00
2.570000000000000000e+02 1.860000000000000000e+02 3.940000000000000000e+02 3.500000000000000000e+02 3.540000021457672119e-01
3.530000000000000000e+02 1.700000000000000000e+01 4.700000000000000000e+02 2.440000000000000000e+02 1.387000083923339844e+00
2.560000000000000000e+02 1.820000000000000000e+02 3.960000000000000000e+02 3.490000000000000000e+02 3.950000107288360596e-01
3.550000000000000000e+02 1.700000000000000000e+01 4.720000000000000000e+02 2.440000000000000000e+02 1.393000006675720215e+00
2.610000000000000000e+02 1.810000000000000000e+02 4.010000000000000000e+02 3.480000000000000000e+02 4.370000064373016357e-01
3.580000000000000000e+02 1.400000000000000000e+01 4.770000000000000000e+02 2.460000000000000000e+02 1.422000050544738770e+00
2.700000000000000000e+02 1.890000000000000000e+02 4.040000000000000000e+02 3.500000000000000000e+02 4.490000307559967041e-01
3.620000000000000000e+02 1.500000000000000000e+01 4.790000000000000000e+02 2.420000000000000000e+02 1.448000073432922363e+00
2.790000000000000000e+02 1.940000000000000000e+02 4.130000000000000000e+02 3.550000000000000000e+02 4.350000321865081787e-01
3.640000000000000000e+02 1.500000000000000000e+01 4.810000000000000000e+02 2.420000000000000000e+02 1.483000040054321289e+00
2.910000000000000000e+02 2.030000000000000000e+02 4.230000000000000000e+02 3.610000000000000000e+02 4.070000052452087402e-01
3.680000000000000000e+02 1.900000000000000000e+01 4.800000000000000000e+02 2.380000000000000000e+02 0.000000000000000000e+00
3.050000000000000000e+02 2.090000000000000000e+02 4.340000000000000000e+02 3.640000000000000000e+02 4.060000181198120117e-01
3.700000000000000000e+02 2.000000000000000000e+01 4.800000000000000000e+02 2.340000000000000000e+02 0.000000000000000000e+00
3.180000000000000000e+02 2.120000000000000000e+02 4.470000000000000000e+02 3.670000000000000000e+02 4.000000059604644775e-01
3.720000000000000000e+02 2.100000000000000000e+01 4.800000000000000000e+02 2.310000000000000000e+02 9.708000183105468750e+00
3.370000000000000000e+02 2.130000000000000000e+02 4.690000000000000000e+02 3.710000000000000000e+02 3.890000283718109131e-01
3.730000000000000000e+02 2.000000000000000000e+01 4.810000000000000000e+02 2.300000000000000000e+02 1.090000057220458984e+01
3.710000000000000000e+02 2.240000000000000000e+02 5.030000000000000000e+02 3.820000000000000000e+02 3.710000216960906982e-01
3.750000000000000000e+02 1.800000000000000000e+01 4.850000000000000000e+02 2.320000000000000000e+02 9.708000183105468750e+00
4.000000000000000000e+02 2.320000000000000000e+02 5.320000000000000000e+02 3.900000000000000000e+02 3.590000271797180176e-01
3.760000000000000000e+02 1.900000000000000000e+01 4.840000000000000000e+02 2.290000000000000000e+02 1.035500049591064453e+01
4.310000000000000000e+02 2.420000000000000000e+02 5.600000000000000000e+02 3.970000000000000000e+02 3.460000157356262207e-01
3.790000000000000000e+02 2.100000000000000000e+01 4.850000000000000000e+02 2.270000000000000000e+02 1.129700088500976562e+01
4.590000000000000000e+02 2.530000000000000000e+02 5.880000000000000000e+02 4.080000000000000000e+02 3.350000083446502686e-01
3.830000000000000000e+02 2.300000000000000000e+01 4.870000000000000000e+02 2.250000000000000000e+02 0.000000000000000000e+00
4.810000000000000000e+02 2.650000000000000000e+02 6.080000000000000000e+02 4.170000000000000000e+02 3.340000212192535400e-01
3.830000000000000000e+02 2.500000000000000000e+01 4.850000000000000000e+02 2.230000000000000000e+02 0.000000000000000000e+00
4.900000000000000000e+02 2.750000000000000000e+02 6.190000000000000000e+02 4.300000000000000000e+02 3.390000164508819580e-01
3.870000000000000000e+02 2.800000000000000000e+01 4.850000000000000000e+02 2.180000000000000000e+02 9.004000663757324219e+00
4.920000000000000000e+02 2.790000000000000000e+02 6.190000000000000000e+02 4.310000000000000000e+02 3.410000205039978027e-01
3.870000000000000000e+02 2.800000000000000000e+01 4.850000000000000000e+02 2.180000000000000000e+02 9.273000717163085938e+00
4.800000000000000000e+02 2.730000000000000000e+02 6.070000000000000000e+02 4.250000000000000000e+02 3.350000083446502686e-01
3.860000000000000000e+02 2.700000000000000000e+01 4.840000000000000000e+02 2.170000000000000000e+02 9.273000717163085938e+00
4.550000000000000000e+02 2.630000000000000000e+02 5.790000000000000000e+02 4.120000000000000000e+02 3.330000042915344238e-01
3.860000000000000000e+02 2.800000000000000000e+01 4.840000000000000000e+02 2.180000000000000000e+02 9.862000465393066406e+00
4.150000000000000000e+02 2.550000000000000000e+02 5.390000000000000000e+02 4.040000000000000000e+02 3.460000157356262207e-01
3.860000000000000000e+02 2.700000000000000000e+01 4.840000000000000000e+02 2.170000000000000000e+02 9.708000183105468750e+00
3.690000000000000000e+02 2.440000000000000000e+02 4.930000000000000000e+02 3.930000000000000000e+02 3.500000238418579102e-01
3.860000000000000000e+02 2.600000000000000000e+01 4.840000000000000000e+02 2.160000000000000000e+02 1.018500041961669922e+01
3.260000000000000000e+02 2.290000000000000000e+02 4.500000000000000000e+02 3.780000000000000000e+02 0.000000000000000000e+00
3.860000000000000000e+02 2.500000000000000000e+01 4.840000000000000000e+02 2.150000000000000000e+02 8.876000404357910156e+00
2.910000000000000000e+02 2.170000000000000000e+02 4.150000000000000000e+02 3.660000000000000000e+02 0.000000000000000000e+00
3.850000000000000000e+02 2.500000000000000000e+01 4.830000000000000000e+02 2.150000000000000000e+02 8.876000404357910156e+00
2.710000000000000000e+02 2.060000000000000000e+02 3.930000000000000000e+02 3.520000000000000000e+02 4.550000131130218506e-01
3.840000000000000000e+02 2.600000000000000000e+01 4.820000000000000000e+02 2.160000000000000000e+02 9.137000083923339844e+00
2.610000000000000000e+02 2.040000000000000000e+02 3.830000000000000000e+02 3.500000000000000000e+02 0.000000000000000000e+00
3.840000000000000000e+02 2.600000000000000000e+01 4.820000000000000000e+02 2.160000000000000000e+02 9.708000183105468750e+00
2.570000000000000000e+02 2.040000000000000000e+02 3.760000000000000000e+02 3.470000000000000000e+02 0.000000000000000000e+00
3.850000000000000000e+02 2.800000000000000000e+01 4.810000000000000000e+02 2.150000000000000000e+02 1.053100013732910156e+01
2.620000000000000000e+02 2.080000000000000000e+02 3.790000000000000000e+02 3.480000000000000000e+02 0.000000000000000000e+00
3.850000000000000000e+02 2.800000000000000000e+01 4.810000000000000000e+02 2.150000000000000000e+02 9.708000183105468750e+00
2.650000000000000000e+02 2.110000000000000000e+02 3.800000000000000000e+02 3.480000000000000000e+02 0.000000000000000000e+00
3.850000000000000000e+02 2.700000000000000000e+01 4.810000000000000000e+02 2.140000000000000000e+02 9.708000183105468750e+00
2.720000000000000000e+02 2.160000000000000000e+02 3.890000000000000000e+02 3.560000000000000000e+02 0.000000000000000000e+00
3.850000000000000000e+02 2.700000000000000000e+01 4.810000000000000000e+02 2.140000000000000000e+02 9.273000717163085938e+00
2.780000000000000000e+02 2.190000000000000000e+02 3.950000000000000000e+02 3.590000000000000000e+02 0.000000000000000000e+00
3.860000000000000000e+02 2.600000000000000000e+01 4.820000000000000000e+02 2.130000000000000000e+02 1.150600051879882812e+01
2.790000000000000000e+02 2.250000000000000000e+02 3.960000000000000000e+02 3.650000000000000000e+02 4.560000300407409668e-01
3.850000000000000000e+02 2.500000000000000000e+01 4.830000000000000000e+02 2.150000000000000000e+02 9.559000015258789062e+00
2.810000000000000000e+02 2.290000000000000000e+02 3.960000000000000000e+02 3.660000000000000000e+02 4.710000157356262207e-01
3.850000000000000000e+02 2.500000000000000000e+01 4.830000000000000000e+02 2.150000000000000000e+02 9.004000663757324219e+00
2.820000000000000000e+02 2.300000000000000000e+02 3.970000000000000000e+02 3.670000000000000000e+02 4.680000245571136475e-01
3.850000000000000000e+02 2.600000000000000000e+01 4.830000000000000000e+02 2.160000000000000000e+02 9.708000183105468750e+00
2.830000000000000000e+02 2.320000000000000000e+02 3.980000000000000000e+02 3.690000000000000000e+02 4.660000205039978027e-01
3.820000000000000000e+02 2.600000000000000000e+01 4.800000000000000000e+02 2.160000000000000000e+02 1.053100013732910156e+01
2.850000000000000000e+02 2.360000000000000000e+02 3.970000000000000000e+02 3.710000000000000000e+02 4.600000083446502686e-01
3.780000000000000000e+02 2.700000000000000000e+01 4.760000000000000000e+02 2.170000000000000000e+02 1.109500026702880859e+01
2.880000000000000000e+02 2.370000000000000000e+02 4.000000000000000000e+02 3.720000000000000000e+02 4.580000340938568115e-01
3.710000000000000000e+02 2.900000000000000000e+01 4.690000000000000000e+02 2.190000000000000000e+02 1.002100086212158203e+01
2.960000000000000000e+02 2.370000000000000000e+02 4.080000000000000000e+02 3.720000000000000000e+02 4.550000131130218506e-01
3.660000000000000000e+02 3.000000000000000000e+01 4.640000000000000000e+02 2.200000000000000000e+02 1.018500041961669922e+01
3.050000000000000000e+02 2.320000000000000000e+02 4.170000000000000000e+02 3.670000000000000000e+02 4.540000259876251221e-01
3.630000000000000000e+02 3.100000000000000000e+01 4.610000000000000000e+02 2.210000000000000000e+02 9.559000015258789062e+00
3.120000000000000000e+02 2.290000000000000000e+02 4.240000000000000000e+02 3.640000000000000000e+02 4.550000131130218506e-01
3.620000000000000000e+02 3.200000000000000000e+01 4.600000000000000000e+02 2.220000000000000000e+02 9.708000183105468750e+00
3.220000000000000000e+02 2.270000000000000000e+02 4.340000000000000000e+02 3.620000000000000000e+02 4.510000348091125488e-01
3.600000000000000000e+02 3.200000000000000000e+01 4.580000000000000000e+02 2.220000000000000000e+02 9.559000015258789062e+00
3.320000000000000000e+02 2.230000000000000000e+02 4.440000000000000000e+02 3.580000000000000000e+02 4.420000314712524414e-01
3.580000000000000000e+02 3.300000000000000000e+01 4.560000000000000000e+02 2.230000000000000000e+02 1.150600051879882812e+01
3.370000000000000000e+02 2.180000000000000000e+02 4.490000000000000000e+02 3.530000000000000000e+02 4.390000104904174805e-01
3.590000000000000000e+02 3.200000000000000000e+01 4.570000000000000000e+02 2.220000000000000000e+02 9.004000663757324219e+00
3.400000000000000000e+02 2.170000000000000000e+02 4.520000000000000000e+02 3.520000000000000000e+02 4.280000329017639160e-01
3.610000000000000000e+02 3.200000000000000000e+01 4.590000000000000000e+02 2.220000000000000000e+02 0.000000000000000000e+00
3.430000000000000000e+02 2.140000000000000000e+02 4.550000000000000000e+02 3.490000000000000000e+02 4.200000166893005371e-01
3.640000000000000000e+02 3.200000000000000000e+01 4.620000000000000000e+02 2.220000000000000000e+02 1.448000073432922363e+00
3.480000000000000000e+02 2.030000000000000000e+02 4.600000000000000000e+02 3.380000000000000000e+02 0.000000000000000000e+00
3.680000000000000000e+02 3.300000000000000000e+01 4.660000000000000000e+02 2.230000000000000000e+02 1.445000052452087402e+00
3.480000000000000000e+02 2.000000000000000000e+02 4.600000000000000000e+02 3.350000000000000000e+02 0.000000000000000000e+00
3.750000000000000000e+02 3.100000000000000000e+01 4.750000000000000000e+02 2.250000000000000000e+02 1.018500041961669922e+01
3.460000000000000000e+02 1.990000000000000000e+02 4.580000000000000000e+02 3.340000000000000000e+02 0.000000000000000000e+00
3.780000000000000000e+02 2.900000000000000000e+01 4.800000000000000000e+02 2.270000000000000000e+02 9.708000183105468750e+00
3.330000000000000000e+02 2.060000000000000000e+02 4.480000000000000000e+02 3.430000000000000000e+02 0.000000000000000000e+00
3.920000000000000000e+02 3.300000000000000000e+01 4.900000000000000000e+02 2.230000000000000000e+02 9.559000015258789062e+00
3.300000000000000000e+02 2.140000000000000000e+02 4.420000000000000000e+02 3.490000000000000000e+02 4.060000181198120117e-01
4.030000000000000000e+02 3.400000000000000000e+01 4.990000000000000000e+02 2.210000000000000000e+02 9.559000015258789062e+00
3.360000000000000000e+02 2.110000000000000000e+02 4.480000000000000000e+02 3.460000000000000000e+02 4.000000059604644775e-01
4.080000000000000000e+02 3.000000000000000000e+01 5.060000000000000000e+02 2.200000000000000000e+02 0.000000000000000000e+00
3.340000000000000000e+02 2.160000000000000000e+02 4.460000000000000000e+02 3.510000000000000000e+02 3.960000276565551758e-01
4.170000000000000000e+02 3.000000000000000000e+01 5.130000000000000000e+02 2.170000000000000000e+02 0.000000000000000000e+00
3.320000000000000000e+02 2.200000000000000000e+02 4.470000000000000000e+02 3.570000000000000000e+02 3.650000095367431641e-01
4.190000000000000000e+02 2.900000000000000000e+01 5.170000000000000000e+02 2.190000000000000000e+02 0.000000000000000000e+00
3.340000000000000000e+02 2.220000000000000000e+02 4.490000000000000000e+02 3.590000000000000000e+02 3.670000135898590088e-01
4.210000000000000000e+02 2.800000000000000000e+01 5.190000000000000000e+02 2.180000000000000000e+02 0.000000000000000000e+00
3.340000000000000000e+02 2.220000000000000000e+02 4.490000000000000000e+02 3.590000000000000000e+02 3.670000135898590088e-01
4.210000000000000000e+02 2.500000000000000000e+01 5.210000000000000000e+02 2.190000000000000000e+02 0.000000000000000000e+00
3.340000000000000000e+02 2.230000000000000000e+02 4.490000000000000000e+02 3.600000000000000000e+02 3.640000224113464355e-01
4.210000000000000000e+02 2.500000000000000000e+01 5.210000000000000000e+02 2.190000000000000000e+02 0.000000000000000000e+00
3.340000000000000000e+02 2.230000000000000000e+02 4.490000000000000000e+02 3.600000000000000000e+02 3.630000054836273193e-01
4.190000000000000000e+02 2.400000000000000000e+01 5.190000000000000000e+02 2.180000000000000000e+02 0.000000000000000000e+00
