2.900000000000000000e+02 1.240000000000000000e+02 4.730000000000000000e+02 2.780000000000000000e+02 0.000000000000000000e+00
2.900000000000000000e+02 1.240000000000000000e+02 4.730000000000000000e+02 2.780000000000000000e+02 0.000000000000000000e+00
2.900000000000000000e+02 1.250000000000000000e+02 4.730000000000000000e+02 2.790000000000000000e+02 0.000000000000000000e+00
2.900000000000000000e+02 1.250000000000000000e+02 4.730000000000000000e+02 2.790000000000000000e+02 0.000000000000000000e+00
2.900000000000000000e+02 1.250000000000000000e+02 4.730000000000000000e+02 2.790000000000000000e+02 0.000000000000000000e+00
2.900000000000000000e+02 1.250000000000000000e+02 4.730000000000000000e+02 2.790000000000000000e+02 0.000000000000000000e+00
2.910000000000000000e+02 1.260000000000000000e+02 4.700000000000000000e+02 2.770000000000000000e+02 0.000000000000000000e+00
2.920000000000000000e+02 1.270000000000000000e+02 4.710000000000000000e+02 2.780000000000000000e+02 0.000000000000000000e+00
2.920000000000000000e+02 1.270000000000000000e+02 4.710000000000000000e+02 2.780000000000000000e+02 0.000000000000000000e+00
2.920000000000000000e+02 1.270000000000000000e+02 4.710000000000000000e+02 2.780000000000000000e+02 0.000000000000000000e+00
2.910000000000000000e+02 1.260000000000000000e+02 4.740000000000000000e+02 2.800000000000000000e+02 0.000000000000000000e+00
2.920000000000000000e+02 1.270000000000000000e+02 4.710000000000000000e+02 2.780000000000000000e+02 0.000000000000000000e+00
2.910000000000000000e+02 1.250000000000000000e+02 4.740000000000000000e+02 2.790000000000000000e+02 0.000000000000000000e+00
2.900000000000000000e+02 1.250000000000000000e+02 4.730000000000000000e+02 2.790000000000000000e+02 0.000000000000000000e+00
2.910000000000000000e+02 1.250000000000000000e+02 4.740000000000000000e+02 2.790000000000000000e+02 0.000000000000000000e+00
2.910000000000000000e+02 1.240000000000000000e+02 4.740000000000000000e+02 2.780000000000000000e+02 0.000000000000000000e+00
2.900000000000000000e+02 1.240000000000000000e+02 4.730000000000000000e+02 2.780000000000000000e+02 0.000000000000000000e+00
2.910000000000000000e+02 1.250000000000000000e+02 4.740000000000000000e+02 2.790000000000000000e+02 0.000000000000000000e+00
2.900000000000000000e+02 1.250000000000000000e+02 4.730000000000000000e+02 2.790000000000000000e+02 0.000000000000000000e+00
2.900000000000000000e+02 1.250000000000000000e+02 4.730000000000000000e+02 2.790000000000000000e+02 0.000000000000000000e+00
2.920000000000000000e+02 1.270000000000000000e+02 4.710000000000000000e+02 2.780000000000000000e+02 0.000000000000000000e+00
2.900000000000000000e+02 1.250000000000000000e+02 4.730000000000000000e+02 2.790000000000000000e+02 0.000000000000000000e+00
2.900000000000000000e+02 1.250000000000000000e+02 4.730000000000000000e+02 2.790000000000000000e+02 0.000000000000000000e+00
2.900000000000000000e+02 1.240000000000000000e+02 4.730000000000000000e+02 2.780000000000000000e+02 0.000000000000000000e+00
2.900000000000000000e+02 1.240000000000000000e+02 4.730000000000000000e+02 2.780000000000000000e+02 0.000000000000000000e+00
2.910000000000000000e+02 1.250000000000000000e+02 4.740000000000000000e+02 2.790000000000000000e+02 0.000000000000000000e+00
2.900000000000000000e+02 1.240000000000000000e+02 4.730000000000000000e+02 2.780000000000000000e+02 0.000000000000000000e+00
2.900000000000000000e+02 1.240000000000000000e+02 4.730000000000000000e+02 2.780000000000000000e+02 0.000000000000000000e+00
2.900000000000000000e+02 1.240000000000000000e+02 4.730000000000000000e+02 2.780000000000000000e+02 0.000000000000000000e+00
2.920000000000000000e+02 1.260000000000000000e+02 4.710000000000000000e+02 2.770000000000000000e+02 0.000000000000000000e+00
2.920000000000000000e+02 1.260000000000000000e+02 4.710000000000000000e+02 2.770000000000000000e+02 0.000000000000000000e+00
2.920000000000000000e+02 1.260000000000000000e+02 4.710000000000000000e+02 2.770000000000000000e+02 0.000000000000000000e+00
2.920000000000000000e+02 1.250000000000000000e+02 4.710000000000000000e+02 2.760000000000000000e+02 0.000000000000000000e+00
2.920000000000000000e+02 1.260000000000000000e+02 4.710000000000000000e+02 2.770000000000000000e+02 0.000000000000000000e+00
2.920000000000000000e+02 1.260000000000000000e+02 4.710000000000000000e+02 2.770000000000000000e+02 0.000000000000000000e+00
2.920000000000000000e+02 1.260000000000000000e+02 4.710000000000000000e+02 2.770000000000000000e+02 0.000000000000000000e+00
2.920000000000000000e+02 1.260000000000000000e+02 4.710000000000000000e+02 2.770000000000000000e+02 0.000000000000000000e+00
2.920000000000000000e+02 1.260000000000000000e+02 4.710000000000000000e+02 2.770000000000000000e+02 0.000000000000000000e+00
2.920000000000000000e+02 1.260000000000000000e+02 4.710000000000000000e+02 2.770000000000000000e+02 0.000000000000000000e+00
2.910000000000000000e+02 1.250000000000000000e+02 4.740000000000000000e+02 2.790000000000000000e+02 0.000000000000000000e+00
2.920000000000000000e+02 1.260000000000000000e+02 4.710000000000000000e+02 2.770000000000000000e+02 0.000000000000000000e+00
2.920000000000000000e+02 1.260000000000000000e+02 4.710000000000000000e+02 2.770000000000000000e+02 0.000000000000000000e+00
2.920000000000000000e+02 1.260000000000000000e+02 4.710000000000000000e+02 2.770000000000000000e+02 0.000000000000000000e+00
2.920000000000000000e+02 1.260000000000000000e+02 4.710000000000000000e+02 2.770000000000000000e+02 0.000000000000000000e+00
2.920000000000000000e+02 1.260000000000000000e+02 4.710000000000000000e+02 2.770000000000000000e+02 0.000000000000000000e+00
